,UID,genotype,PLOT.ID,rows,ranges,Block,Rep,Trt,year,note,Calibration,ASD,CHL
0,B001,BGEM-0001-N,1313,13,7,1,1,HN,2022,BGEM_Tall_early,0.0,2.0,310.604380514135
1,B001,BGEM-0001-N,2338,38,7,2,1,LN,2022,BGEM_Tall_early,0.0,2.0,305.224587114165
2,B002,BGEM-0002-N,1314,14,7,1,1,HN,2022,BGEM_Tall_early,0.0,1.0,400.86172284252297
3,B002,BGEM-0002-N,2339,39,7,2,1,LN,2022,BGEM_Tall_early,,,309.7941412634
4,B003,BGEM-0003-N,1111,11,3,1,1,HN,2022,BGEM_Tall_late,0.0,1.0,433.836535508708
5,B003,BGEM-0003-N,2136,36,3,2,1,LN,2022,BGEM_Tall_late,0.0,1.0,312.498450287029
6,B004,BGEM-0004-N,1298,48,6,1,1,HN,2022,BGEM_Short_late,0.0,2.0,373.498438435124
7,B004,BGEM-0004-N,2273,23,6,2,1,LN,2022,BGEM_Short_late,0.0,2.0,303.624029820712
8,B005,BGEM-0005-N,1321,21,7,1,1,HN,2022,BGEM_Tall_early,0.0,1.0,464.352803579425
9,B005,BGEM-0005-N,2346,46,7,2,1,LN,2022,BGEM_Tall_early,0.0,2.0,324.799510932063
10,B006,BGEM-0006-S,1322,22,7,1,1,HN,2022,BGEM_Tall_early,0.0,1.0,375.355989540338
11,B006,BGEM-0006-S,2347,47,7,2,1,LN,2022,BGEM_Tall_early,0.0,2.0,314.876131327832
12,B007,BGEM-0007-S,1170,20,4,1,1,HN,2022,BGEM_Tall_early,,,373.18601206306505
13,B007,BGEM-0007-S,2195,45,4,2,1,LN,2022,BGEM_Tall_early,0.0,1.0,336.802181193657
14,B008,BGEM-0008-S,1028,28,1,1,1,HN,2022,BGEM_Short_early,0.0,2.0,374.228535543988
15,B008,BGEM-0008-S,2003,3,1,2,1,LN,2022,BGEM_Short_early,0.0,1.0,283.35022582182097
16,B009,BGEM-0010-S,1078,28,2,1,1,HN,2022,BGEM_Short_early,0.0,2.0,407.194862247483
17,B009,BGEM-0010-S,2053,3,2,2,1,LN,2022,BGEM_Short_early,0.0,2.0,302.195977177562
18,B010,BGEM-0011-S,1067,17,2,1,1,HN,2022,BGEM_Tall_late,0.0,2.0,437.708963812678
19,B010,BGEM-0011-S,2092,42,2,2,1,LN,2022,BGEM_Tall_late,0.0,2.0,337.75698117549
20,B011,BGEM-0012-S,1096,46,2,1,1,HN,2022,BGEM_Short_early,0.0,1.0,479.178135845308
21,B011,BGEM-0012-S,2071,21,2,2,1,LN,2022,BGEM_Short_early,0.0,1.0,354.825765491954
22,B012,BGEM-0013-S,1094,44,2,1,1,HN,2022,BGEM_Short_early,0.0,1.0,426.195358408778
23,B012,BGEM-0013-S,2069,19,2,2,1,LN,2022,BGEM_Short_early,0.0,2.0,354.25538276221397
24,B013,BGEM-0014-S,1055,5,2,1,1,HN,2022,BGEM_Tall_late,0.0,2.0,364.62670876049
25,B013,BGEM-0014-S,2080,30,2,2,1,LN,2022,BGEM_Tall_late,0.0,1.0,308.243499433319
26,B014,BGEM-0015-S,1006,6,1,1,1,HN,2022,BGEM_Tall_late,0.0,1.0,426.567835425048
27,B014,BGEM-0015-S,2031,31,1,2,1,LN,2022,BGEM_Tall_late,0.0,2.0,309.904154733495
28,B016,BGEM-0019-S,1153,3,4,1,1,HN,2022,BGEM_Tall_late,0.0,1.0,419.27283820071096
29,B016,BGEM-0019-S,2178,28,4,2,1,LN,2022,BGEM_Tall_late,0.0,2.0,340.156850944082
30,B018,BGEM-0020-S,1036,36,1,1,1,HN,2022,BGEM_Short_early,0.0,1.0,379.930837797583
31,B018,BGEM-0020-S,2011,11,1,2,1,LN,2022,BGEM_Short_early,0.0,1.0,341.72882941707803
32,B019,BGEM-0021-S,1158,8,4,1,1,HN,2022,BGEM_Tall_late,0.0,2.0,409.112065459567
33,B019,BGEM-0021-S,2183,33,4,2,1,LN,2022,BGEM_Tall_late,0.0,2.0,330.47480949312
34,B021,BGEM-0023-S,1097,47,2,1,1,HN,2022,BGEM_Short_early,0.0,1.0,435.300608748796
35,B021,BGEM-0023-S,2072,22,2,2,1,LN,2022,BGEM_Short_early,0.0,1.0,349.625612779731
36,B022,BGEM-0024-S,1093,43,2,1,1,HN,2022,BGEM_Short_early,0.0,1.0,440.43347243894095
37,B022,BGEM-0024-S,2068,18,2,2,1,LN,2022,BGEM_Short_early,0.0,2.0,315.924706060466
38,B023,BGEM-0025-S,1252,2,6,1,1,HN,2022,BGEM_Tall_early,0.0,1.0,378.29605875972703
39,B023,BGEM-0025-S,2277,27,6,2,1,LN,2022,BGEM_Tall_early,0.0,2.0,302.605329377562
40,B024,BGEM-0026-S,1198,48,4,1,1,HN,2022,BGEM_Short_late,0.0,2.0,417.38668682452993
41,B024,BGEM-0026-S,2173,23,4,2,1,LN,2022,BGEM_Short_late,0.0,2.0,313.162172708696
42,B025,BGEM-0027-S,1075,25,2,1,1,HN,2022,BGEM_Tall_late,0.0,2.0,446.657668308131
43,B025,BGEM-0027-S,2100,50,2,2,1,LN,2022,BGEM_Tall_late,0.0,1.0,331.986557199037
44,B026,BGEM-0028-S,1284,34,6,1,1,HN,2022,BGEM_Short_late,0.0,2.0,435.90619656790705
45,B026,BGEM-0028-S,2259,9,6,2,1,LN,2022,BGEM_Short_late,0.0,1.0,326.151091815993
46,B027,BGEM-0030-S,1129,29,3,1,1,HN,2022,BGEM_Short_early,0.0,1.0,450.01876532914804
47,B027,BGEM-0030-S,2104,4,3,2,1,LN,2022,BGEM_Short_early,0.0,2.0,318.763745279943
48,B028,BGEM-0031-S,1301,1,7,1,1,HN,2022,BGEM_Tall_early,0.0,1.0,391.169157634455
49,B028,BGEM-0031-S,2326,26,7,2,1,LN,2022,BGEM_Tall_early,0.0,2.0,333.92069323597804
50,B029,BGEM-0032-S,1038,38,1,1,1,HN,2022,BGEM_Short_early,0.0,2.0,398.617866405989
51,B029,BGEM-0032-S,2013,13,1,2,1,LN,2022,BGEM_Short_early,0.0,1.0,324.483786401799
52,B030,BGEM-0033-S,1125,25,3,1,1,HN,2022,BGEM_Tall_late,0.0,1.0,393.318617201669
53,B030,BGEM-0033-S,2150,50,3,2,1,LN,2022,BGEM_Tall_late,0.0,1.0,352.16247192156305
54,B031,BGEM-0034-S,1341,41,7,1,1,HN,2022,BGEM_Short_late,0.0,1.0,419.578640518107
55,B031,BGEM-0034-S,2316,16,7,2,1,LN,2022,BGEM_Short_late,0.0,1.0,306.749456426573
56,B032,BGEM-0035-S,1233,33,5,1,1,HN,2022,BGEM_Short_late,1.0,1.5,372.157257764427
57,B032,BGEM-0035-S,2208,8,5,2,1,LN,2022,BGEM_Short_late,,,321.41844423562304
58,B033,BGEM-0036-S,1235,35,5,1,1,HN,2022,BGEM_Short_late,0.0,2.0,355.935553279537
59,B033,BGEM-0036-S,2210,10,5,2,1,LN,2022,BGEM_Short_late,0.0,1.0,318.287120741871
60,B034,BGEM-0037-S,1086,36,2,1,1,HN,2022,BGEM_Short_early,0.0,2.0,411.44424569148
61,B034,BGEM-0037-S,2061,11,2,2,1,LN,2022,BGEM_Short_early,0.0,1.0,336.83266433063704
62,B035,BGEM-0038-N,1068,18,2,1,1,HN,2022,BGEM_Tall_late,0.0,2.0,368.838444431612
63,B035,BGEM-0038-N,2093,43,2,2,1,LN,2022,BGEM_Tall_late,0.0,1.0,304.295310984298
64,B036,BGEM-0039-N,1039,39,1,1,1,HN,2022,BGEM_Short_early,0.0,1.0,362.03911942083704
65,B036,BGEM-0039-N,2014,14,1,2,1,LN,2022,BGEM_Short_early,0.0,1.0,308.44305066983
66,B037,BGEM-0040-N,1134,34,3,1,1,HN,2022,BGEM_Short_early,0.0,1.0,367.218701818902
67,B037,BGEM-0040-N,2109,9,3,2,1,LN,2022,BGEM_Short_early,0.0,2.0,309.86055718525796
68,B038,BGEM-0041-S,1264,14,6,1,1,HN,2022,BGEM_Tall_early,0.0,1.0,402.73000477854896
69,B038,BGEM-0041-S,2289,39,6,2,1,LN,2022,BGEM_Tall_early,0.0,1.0,320.134482449842
70,B039,BGEM-0042-S,1349,49,7,1,1,HN,2022,BGEM_Short_late,0.0,1.0,402.24205979841
71,B039,BGEM-0042-S,2324,24,7,2,1,LN,2022,BGEM_Short_late,0.0,1.0,317.38243719584096
72,B040,BGEM-0043-S,1020,20,1,1,1,HN,2022,BGEM_Tall_late,0.0,2.0,421.809959623327
73,B040,BGEM-0043-S,2045,45,1,2,1,LN,2022,BGEM_Tall_late,0.0,2.0,329.114467804299
74,B041,BGEM-0044-S,1320,20,7,1,1,HN,2022,BGEM_Tall_early,0.0,1.0,381.76407859346295
75,B041,BGEM-0044-S,2345,45,7,2,1,LN,2022,BGEM_Tall_early,0.0,2.0,334.915281305332
76,B042,BGEM-0045-N,1203,3,5,1,1,HN,2022,BGEM_Tall_early,0.0,1.0,366.075962349664
77,B042,BGEM-0045-N,2228,28,5,2,1,LN,2022,BGEM_Tall_early,0.0,1.0,305.740967033138
78,B043,BGEM-0046-N,1221,21,5,1,1,HN,2022,BGEM_Tall_early,0.0,2.0,343.641433639008
79,B043,BGEM-0046-N,2246,46,5,2,1,LN,2022,BGEM_Tall_early,0.0,1.0,330.22753777513304
80,B044,BGEM-0047-S,1032,32,1,1,1,HN,2022,BGEM_Short_early,0.0,2.0,457.06673482171
81,B044,BGEM-0047-S,2007,7,1,2,1,LN,2022,BGEM_Short_early,0.0,2.0,342.688149035314
82,B045,BGEM-0048-S,1229,29,5,1,1,HN,2022,BGEM_Short_late,0.0,1.0,382.83676776853304
83,B045,BGEM-0048-S,2204,4,5,2,1,LN,2022,BGEM_Short_late,0.0,1.0,305.706456343553
84,B046,BGEM-0049-S,1168,18,4,1,1,HN,2022,BGEM_Tall_early,0.0,1.0,418.461617053657
85,B046,BGEM-0049-S,2193,43,4,2,1,LN,2022,BGEM_Tall_early,0.0,1.0,337.44467351467
86,B047,BGEM-0050-S,1133,33,3,1,1,HN,2022,BGEM_Short_early,0.0,1.0,431.29541667897695
87,B047,BGEM-0050-S,2108,8,3,2,1,LN,2022,BGEM_Short_early,0.0,1.0,304.881465054547
88,B048,BGEM-0051-S,1064,14,2,1,1,HN,2022,BGEM_Tall_late,0.0,2.0,354.92236641057195
89,B048,BGEM-0051-S,2089,39,2,2,1,LN,2022,BGEM_Tall_late,0.0,1.0,334.715340204896
90,B049,BGEM-0052-S,1109,9,3,1,1,HN,2022,BGEM_Tall_late,0.0,2.0,352.362829552067
91,B049,BGEM-0052-S,2134,34,3,2,1,LN,2022,BGEM_Tall_late,0.0,1.0,313.838075835671
92,B050,BGEM-0055-S,1142,42,3,1,1,HN,2022,BGEM_Short_early,0.0,1.0,429.313808025195
93,B050,BGEM-0055-S,2117,17,3,2,1,LN,2022,BGEM_Short_early,0.0,2.0,329.92694593503103
94,B051,BGEM-0056-S,1061,11,2,1,1,HN,2022,BGEM_Tall_late,0.0,2.0,469.13519682087195
95,B051,BGEM-0056-S,2086,36,2,2,1,LN,2022,BGEM_Tall_late,0.0,1.0,352.11303552247
96,B052,BGEM-0057-S,1161,11,4,1,1,HN,2022,BGEM_Tall_late,0.0,1.0,399.576550721192
97,B052,BGEM-0057-S,2186,36,4,2,1,LN,2022,BGEM_Tall_late,0.0,1.0,348.04135012025904
98,B053,BGEM-0059-S,1331,31,7,1,1,HN,2022,BGEM_Short_late,0.0,1.0,409.168935657088
99,B053,BGEM-0059-S,2306,6,7,2,1,LN,2022,BGEM_Short_late,0.0,2.0,331.37240225460397
100,B054,BGEM-0060-S,1107,7,3,1,1,HN,2022,BGEM_Tall_late,0.0,2.0,386.71150749562895
101,B054,BGEM-0060-S,2132,32,3,2,1,LN,2022,BGEM_Tall_late,0.0,2.0,324.161448665947
102,B055,BGEM-0061-N,1118,18,3,1,1,HN,2022,BGEM_Tall_late,0.0,1.0,371.24573434070703
103,B055,BGEM-0061-N,2143,43,3,2,1,LN,2022,BGEM_Tall_late,0.0,1.0,309.030251803079
104,B056,BGEM-0062-N,1256,6,6,1,1,HN,2022,BGEM_Tall_early,0.0,1.0,501.01573488049894
105,B056,BGEM-0062-N,2281,31,6,2,1,LN,2022,BGEM_Tall_early,0.0,2.0,379.053147867106
106,B057,BGEM-0063-N,1272,22,6,1,1,HN,2022,BGEM_Tall_early,0.0,1.0,417.93388641415197
107,B057,BGEM-0063-N,2297,47,6,2,1,LN,2022,BGEM_Tall_early,0.0,2.0,315.57377280895804
108,B058,BGEM-0064-N,1159,9,4,1,1,HN,2022,BGEM_Tall_late,0.0,2.0,316.517557396852
109,B058,BGEM-0064-N,2184,34,4,2,1,LN,2022,BGEM_Tall_late,0.0,2.0,315.445167718057
110,B059,BGEM-0065-N,1015,15,1,1,1,HN,2022,BGEM_Tall_late,0.0,2.0,403.350155463103
111,B059,BGEM-0065-N,2040,40,1,2,1,LN,2022,BGEM_Tall_late,0.0,2.0,323.262550001784
112,B060,BGEM-0066-N,1137,37,3,1,1,HN,2022,BGEM_Short_early,0.0,2.0,437.979792386844
113,B060,BGEM-0066-N,2112,12,3,2,1,LN,2022,BGEM_Short_early,0.0,2.0,347.118363174782
114,B061,BGEM-0067-S,1241,41,5,1,1,HN,2022,BGEM_Short_late,0.0,2.0,433.317618456431
115,B061,BGEM-0067-S,2216,16,5,2,1,LN,2022,BGEM_Short_late,0.0,1.0,327.84597564598204
116,B062,BGEM-0068-S,1077,27,2,1,1,HN,2022,BGEM_Short_early,0.0,1.0,504.19648613274103
117,B062,BGEM-0068-S,2052,2,2,2,1,LN,2022,BGEM_Short_early,0.0,2.0,337.75009507950404
118,B064,BGEM-0069-S,1019,19,1,1,1,HN,2022,BGEM_Tall_late,0.0,1.0,446.946282584924
119,B064,BGEM-0069-S,2044,44,1,2,1,LN,2022,BGEM_Tall_late,0.0,2.0,312.148822965472
120,B065,BGEM-0070-S,1102,2,3,1,1,HN,2022,BGEM_Tall_late,0.0,1.0,430.92990361068
121,B065,BGEM-0070-S,2127,27,3,2,1,LN,2022,BGEM_Tall_late,0.0,2.0,328.571668973057
122,B066,BGEM-0071-S,1231,31,5,1,1,HN,2022,BGEM_Short_late,0.0,1.0,422.582342751679
123,B066,BGEM-0071-S,2206,6,5,2,1,LN,2022,BGEM_Short_late,0.0,2.0,337.421908638149
124,B067,BGEM-0072-S,1154,4,4,1,1,HN,2022,BGEM_Tall_late,0.0,1.0,432.49322982829904
125,B067,BGEM-0072-S,2179,29,4,2,1,LN,2022,BGEM_Tall_late,0.0,2.0,339.707297424379
126,B068,BGEM-0073-S,1227,27,5,1,1,HN,2022,BGEM_Short_late,0.0,1.0,411.48322082303
127,B068,BGEM-0073-S,2202,2,5,2,1,LN,2022,BGEM_Short_late,0.0,1.0,312.437346360834
128,B071,BGEM-0077-S,1088,38,2,1,1,HN,2022,BGEM_Short_early,0.0,1.0,481.00117242367696
129,B071,BGEM-0077-S,2063,13,2,2,1,LN,2022,BGEM_Short_early,0.0,2.0,351.889119911541
130,B072,BGEM-0078-N,1206,6,5,1,1,HN,2022,BGEM_Tall_early,0.0,2.0,352.605984600759
131,B072,BGEM-0078-N,2231,31,5,2,1,LN,2022,BGEM_Tall_early,0.0,1.0,325.078151779478
132,B073,BGEM-0079-S,1048,48,1,1,1,HN,2022,BGEM_Short_early,0.0,2.0,433.900150558627
133,B073,BGEM-0079-S,2023,23,1,2,1,LN,2022,BGEM_Short_early,0.0,1.0,341.301213928589
134,B074,BGEM-0080-S,1040,40,1,1,1,HN,2022,BGEM_Short_early,0.0,1.0,436.57280620353106
135,B074,BGEM-0080-S,2015,15,1,2,1,LN,2022,BGEM_Short_early,0.0,1.0,336.995113630768
136,B075,BGEM-0081-S,1308,8,7,1,1,HN,2022,BGEM_Tall_early,0.0,1.0,465.195171615579
137,B075,BGEM-0081-S,2333,33,7,2,1,LN,2022,BGEM_Tall_early,0.0,1.0,342.976491264458
138,B076,BGEM-0082-S,1045,45,1,1,1,HN,2022,BGEM_Short_early,0.0,2.0,471.98586476985497
139,B076,BGEM-0082-S,2020,20,1,2,1,LN,2022,BGEM_Short_early,0.0,2.0,345.40036579440397
140,B077,BGEM-0083-S,1186,36,4,1,1,HN,2022,BGEM_Short_early,0.0,1.0,416.18890688836
141,B077,BGEM-0083-S,2161,11,4,2,1,LN,2022,BGEM_Short_early,0.0,1.0,326.328580345364
142,B078,BGEM-0085-N,1089,39,2,1,1,HN,2022,BGEM_Short_early,0.0,1.0,440.297613837317
143,B078,BGEM-0085-N,2064,14,2,2,1,LN,2022,BGEM_Short_early,0.0,2.0,322.918003278064
144,B079,BGEM-0086-N,1218,18,5,1,1,HN,2022,BGEM_Tall_early,0.0,2.0,415.748034032108
145,B079,BGEM-0086-N,2243,43,5,2,1,LN,2022,BGEM_Tall_early,0.0,1.0,319.37060937924
146,B080,BGEM-0087-N,1119,19,3,1,1,HN,2022,BGEM_Tall_late,0.0,1.0,436.629727454002
147,B080,BGEM-0087-N,2144,44,3,2,1,LN,2022,BGEM_Tall_late,0.0,1.0,346.383553553619
148,B081,BGEM-0088-N,1245,45,5,1,1,HN,2022,BGEM_Short_late,0.0,2.0,409.27167698273695
149,B081,BGEM-0088-N,2220,20,5,2,1,LN,2022,BGEM_Short_late,0.0,1.0,315.044512694144
150,B082,BGEM-0089-N,1239,39,5,1,1,HN,2022,BGEM_Short_late,0.0,2.0,434.713020346159
151,B082,BGEM-0089-N,2214,14,5,2,1,LN,2022,BGEM_Short_late,0.0,1.0,307.260881523687
152,B083,BGEM-0090-N,1340,40,7,1,1,HN,2022,BGEM_Short_late,0.0,1.0,403.50042144773806
153,B083,BGEM-0090-N,2315,15,7,2,1,LN,2022,BGEM_Short_late,0.0,2.0,317.98349633518603
154,B085,BGEM-0095-S,1148,48,3,1,1,HN,2022,BGEM_Short_early,0.0,1.0,449.74417467071197
155,B085,BGEM-0095-S,2123,23,3,2,1,LN,2022,BGEM_Short_early,0.0,2.0,343.025676758014
156,B086,BGEM-0097-S,1343,43,7,1,1,HN,2022,BGEM_Short_late,0.0,1.0,423.045858791166
157,B086,BGEM-0097-S,2318,18,7,2,1,LN,2022,BGEM_Short_late,0.0,1.0,333.850822978317
158,B087,BGEM-0099-S,1050,50,1,1,1,HN,2022,BGEM_Short_early,0.0,1.0,432.047122053977
159,B087,BGEM-0099-S,2025,25,1,2,1,LN,2022,BGEM_Short_early,0.0,2.0,358.502950921416
160,B090,BGEM-0107-N,1248,48,5,1,1,HN,2022,BGEM_Short_late,0.0,2.0,403.51985136712096
161,B090,BGEM-0107-N,2223,23,5,2,1,LN,2022,BGEM_Short_late,0.0,1.0,338.663689670933
162,B091,BGEM-0108-S,1333,33,7,1,1,HN,2022,BGEM_Short_late,0.0,1.0,385.927171193704
163,B091,BGEM-0108-S,2308,8,7,2,1,LN,2022,BGEM_Short_late,0.0,2.0,312.059930806833
164,B092,BGEM-0110-N,1273,23,6,1,1,HN,2022,BGEM_Tall_early,0.0,1.0,426.215849442959
165,B092,BGEM-0110-N,2298,48,6,2,1,LN,2022,BGEM_Tall_early,0.0,2.0,354.49101746476504
166,B093,BGEM-0111-S,1132,32,3,1,1,HN,2022,BGEM_Short_early,0.0,1.0,518.441539122788
167,B093,BGEM-0111-S,2107,7,3,2,1,LN,2022,BGEM_Short_early,0.0,1.0,341.736180625826
168,B094,BGEM-0112-S,1099,49,2,1,1,HN,2022,BGEM_Short_early,0.0,2.0,507.86654375089796
169,B094,BGEM-0112-S,2074,24,2,2,1,LN,2022,BGEM_Short_early,0.0,1.0,341.561337434757
170,B095,BGEM-0113-S,1029,29,1,1,1,HN,2022,BGEM_Short_early,0.0,1.0,496.602991790781
171,B095,BGEM-0113-S,2004,4,1,2,1,LN,2022,BGEM_Short_early,0.0,2.0,312.780546162047
172,B096,BGEM-0114-S,1046,46,1,1,1,HN,2022,BGEM_Short_early,0.0,2.0,450.519967292423
173,B096,BGEM-0114-S,2021,21,1,2,1,LN,2022,BGEM_Short_early,0.0,1.0,353.277500660348
174,B097,BGEM-0115-S,1185,35,4,1,1,HN,2022,BGEM_Short_early,0.0,1.0,500.18334231352503
175,B097,BGEM-0115-S,2160,10,4,2,1,LN,2022,BGEM_Short_early,0.0,1.0,337.915834378422
176,B098,BGEM-0116-S,1179,29,4,1,1,HN,2022,BGEM_Short_early,0.0,2.0,492.220495601949
177,B098,BGEM-0116-S,2154,4,4,2,1,LN,2022,BGEM_Short_early,0.0,1.0,348.610237852698
178,B099,BGEM-0117-S,1087,37,2,1,1,HN,2022,BGEM_Short_early,0.0,1.0,496.364330729612
179,B099,BGEM-0117-S,2062,12,2,2,1,LN,2022,BGEM_Short_early,0.0,1.0,375.94446855654405
180,B100,BGEM-0118-S,1037,37,1,1,1,HN,2022,BGEM_Short_early,0.0,1.0,479.081013649525
181,B100,BGEM-0118-S,2012,12,1,2,1,LN,2022,BGEM_Short_early,0.0,1.0,368.172235162743
182,B102,BGEM-0122-N,1211,11,5,1,1,HN,2022,BGEM_Tall_early,0.0,2.0,349.038800945324
183,B102,BGEM-0122-N,2236,36,5,2,1,LN,2022,BGEM_Tall_early,0.0,1.0,313.55270626338796
184,B103,BGEM-0123-N,1085,35,2,1,1,HN,2022,BGEM_Short_early,0.0,1.0,384.86837197031304
185,B103,BGEM-0123-N,2060,10,2,2,1,LN,2022,BGEM_Short_early,0.0,1.0,303.01246434631696
186,B104,BGEM-0124-N,1116,16,3,1,1,HN,2022,BGEM_Tall_late,0.0,2.0,429.905543788566
187,B104,BGEM-0124-N,2141,41,3,2,1,LN,2022,BGEM_Tall_late,0.0,1.0,323.863642796768
188,B105,BGEM-0125-N,1172,22,4,1,1,HN,2022,BGEM_Tall_early,0.0,1.0,377.357041760825
189,B105,BGEM-0125-N,2197,47,4,2,1,LN,2022,BGEM_Tall_early,0.0,1.0,312.677736011818
190,B107,BGEM-0129-N,1135,35,3,1,1,HN,2022,BGEM_Short_early,0.0,1.0,422.95517948689906
191,B107,BGEM-0129-N,2110,10,3,2,1,LN,2022,BGEM_Short_early,0.0,2.0,319.74074834281504
192,B109,BGEM-0131-N,1110,10,3,1,1,HN,2022,BGEM_Tall_late,0.0,2.0,451.119140678196
193,B109,BGEM-0131-N,2135,35,3,2,1,LN,2022,BGEM_Tall_late,0.0,1.0,331.787535014256
194,B110,BGEM-0133-S,1323,23,7,1,1,HN,2022,BGEM_Tall_early,0.0,1.0,434.962761198619
195,B110,BGEM-0133-S,2348,48,7,2,1,LN,2022,BGEM_Tall_early,0.0,2.0,335.86424975166
196,B111,BGEM-0134-S,1071,21,2,1,1,HN,2022,BGEM_Tall_late,0.0,2.0,404.390912696103
197,B111,BGEM-0134-S,2096,46,2,2,1,LN,2022,BGEM_Tall_late,0.0,1.0,303.711732027221
198,B112,BGEM-0136-S,1034,34,1,1,1,HN,2022,BGEM_Short_early,0.0,2.0,448.353035239673
199,B112,BGEM-0136-S,2009,9,1,2,1,LN,2022,BGEM_Short_early,0.0,1.0,327.983822590858
200,B113,BGEM-0137-S,1128,28,3,1,1,HN,2022,BGEM_Short_early,0.0,2.0,396.153639891543
201,B113,BGEM-0137-S,2103,3,3,2,1,LN,2022,BGEM_Short_early,0.0,2.0,345.297826158678
202,B114,BGEM-0138-S,1222,22,5,1,1,HN,2022,BGEM_Tall_early,0.0,2.0,485.75111624550993
203,B114,BGEM-0138-S,2247,47,5,2,1,LN,2022,BGEM_Tall_early,0.0,1.0,354.473584816067
204,B115,BGEM-0140-N,1030,30,1,1,1,HN,2022,BGEM_Short_early,0.0,1.0,325.444132236698
205,B115,BGEM-0140-N,2005,5,1,2,1,LN,2022,BGEM_Short_early,1.0,1.25,297.784326418797
206,B117,BGEM-0143-N,1266,16,6,1,1,HN,2022,BGEM_Tall_early,0.0,2.0,389.996057979434
207,B117,BGEM-0143-N,2291,41,6,2,1,LN,2022,BGEM_Tall_early,0.0,2.0,326.462682414209
208,B118,BGEM-0144-N,1164,14,4,1,1,HN,2022,BGEM_Tall_early,0.0,1.0,411.77205041028
209,B118,BGEM-0144-N,2189,39,4,2,1,LN,2022,BGEM_Tall_early,0.0,1.0,311.950371106928
210,B119,BGEM-0145-N,1209,9,5,1,1,HN,2022,BGEM_Tall_early,0.0,2.0,341.28227482249804
211,B119,BGEM-0145-N,2234,34,5,2,1,LN,2022,BGEM_Tall_early,0.0,1.0,309.59636649439096
212,B120,BGEM-0146-N,1214,14,5,1,1,HN,2022,BGEM_Tall_early,0.0,2.0,303.677963494565
213,B120,BGEM-0146-N,2239,39,5,2,1,LN,2022,BGEM_Tall_early,0.0,2.0,340.27392239898
214,B121,BGEM-0147-S,1274,24,6,1,1,HN,2022,BGEM_Tall_early,0.0,2.0,364.196832940148
215,B121,BGEM-0147-S,2299,49,6,2,1,LN,2022,BGEM_Tall_early,0.0,1.0,322.28008444887297
216,B288,BGEM-0147-S,1274,24,6,1,1,HN,2022,BGEM_Tall_early,0.0,2.0,364.196832940148
217,B288,BGEM-0147-S,2299,49,6,2,1,LN,2022,BGEM_Tall_early,0.0,1.0,322.28008444887297
218,B122,BGEM-0148-S,1202,2,5,1,1,HN,2022,BGEM_Tall_early,0.0,2.0,334.264471377545
219,B122,BGEM-0148-S,2227,27,5,2,1,LN,2022,BGEM_Tall_early,0.0,1.0,319.42864575797
220,B123,BGEM-0149-S,1183,33,4,1,1,HN,2022,BGEM_Short_early,0.0,1.0,441.08589718345496
221,B123,BGEM-0149-S,2158,8,4,2,1,LN,2022,BGEM_Short_early,0.0,1.0,314.630470391376
222,B124,BGEM-0150-S,1176,26,4,1,1,HN,2022,BGEM_Short_early,0.0,2.0,474.676923085345
223,B124,BGEM-0150-S,2151,1,4,2,1,LN,2022,BGEM_Short_early,0.0,1.0,312.857576272359
224,B125,BGEM-0151-N,1289,39,6,1,1,HN,2022,BGEM_Short_late,0.0,1.0,401.107947995452
225,B125,BGEM-0151-N,2264,14,6,2,1,LN,2022,BGEM_Short_late,0.0,1.0,315.360458991804
226,B128,BGEM-0154-S,1126,26,3,1,1,HN,2022,BGEM_Short_early,0.0,1.0,413.343829340232
227,B128,BGEM-0154-S,2101,1,3,2,1,LN,2022,BGEM_Short_early,0.0,2.0,301.334626758883
228,B130,BGEM-0156-S,1267,17,6,1,1,HN,2022,BGEM_Tall_early,0.0,2.0,411.331170830873
229,B130,BGEM-0156-S,2292,42,6,2,1,LN,2022,BGEM_Tall_early,0.0,1.0,299.361749354742
230,B131,BGEM-0157-N,1337,37,7,1,1,HN,2022,BGEM_Short_late,0.0,1.0,401.931980037121
231,B131,BGEM-0157-N,2312,12,7,2,1,LN,2022,BGEM_Short_late,0.0,2.0,320.29482265744497
232,B132,BGEM-0158-S,1103,3,3,1,1,HN,2022,BGEM_Tall_late,0.0,1.0,410.791753192386
233,B132,BGEM-0158-S,2128,28,3,2,1,LN,2022,BGEM_Tall_late,0.0,1.0,321.003834969069
234,B134,BGEM-0159-S,1156,6,4,1,1,HN,2022,BGEM_Tall_late,0.0,1.0,435.035379234086
235,B134,BGEM-0159-S,2181,31,4,2,1,LN,2022,BGEM_Tall_late,0.0,2.0,316.749363873904
236,B136,BGEM-0162-S,1181,31,4,1,1,HN,2022,BGEM_Short_early,0.0,2.0,391.214656790253
237,B136,BGEM-0162-S,2156,6,4,2,1,LN,2022,BGEM_Short_early,0.0,1.0,321.871936795824
238,B137,BGEM-0164-S,1190,40,4,1,1,HN,2022,BGEM_Short_late,0.0,1.0,408.822311401284
239,B137,BGEM-0164-S,2165,15,4,2,1,LN,2022,BGEM_Short_late,0.0,2.0,326.538221593097
240,B138,BGEM-0165-S,1025,25,1,1,1,HN,2022,BGEM_Tall_late,0.0,2.0,406.15209482252294
241,B138,BGEM-0165-S,2050,50,1,2,1,LN,2022,BGEM_Tall_late,0.0,1.0,323.841888036769
242,B139,BGEM-0166-S,1007,7,1,1,1,HN,2022,BGEM_Tall_late,0.0,1.0,370.898212628511
243,B139,BGEM-0166-S,2032,32,1,2,1,LN,2022,BGEM_Tall_late,0.0,1.0,303.093830452467
244,B140,BGEM-0167-S,1145,45,3,1,1,HN,2022,BGEM_Short_early,0.0,1.0,356.300975257917
245,B140,BGEM-0167-S,2120,20,3,2,1,LN,2022,BGEM_Short_early,0.0,2.0,338.729615748793
246,B142,BGEM-0170-S,1247,47,5,1,1,HN,2022,BGEM_Short_late,0.0,2.0,379.36369054976404
247,B142,BGEM-0170-S,2222,22,5,2,1,LN,2022,BGEM_Short_late,0.0,1.0,328.15875565797
248,B143,BGEM-0172-S,1052,2,2,1,1,HN,2022,BGEM_Tall_late,0.0,2.0,382.968501904232
249,B143,BGEM-0172-S,2077,27,2,2,1,LN,2022,BGEM_Tall_late,0.0,1.0,314.791808767564
250,B144,BGEM-0173-S,1332,32,7,1,1,HN,2022,BGEM_Short_late,0.0,1.0,367.105729184055
251,B144,BGEM-0173-S,2307,7,7,2,1,LN,2022,BGEM_Short_late,0.0,2.0,306.578143380857
252,B145,BGEM-0174-N,1240,40,5,1,1,HN,2022,BGEM_Short_late,0.0,2.0,395.492655497135
253,B145,BGEM-0174-N,2215,15,5,2,1,LN,2022,BGEM_Short_late,0.0,1.0,318.445102185094
254,B146,BGEM-0175-S,1113,13,3,1,1,HN,2022,BGEM_Tall_late,0.0,1.0,352.302650495951
255,B146,BGEM-0175-S,2138,38,3,2,1,LN,2022,BGEM_Tall_late,0.0,2.0,329.22071469571097
256,B147,BGEM-0178-S,1017,17,1,1,1,HN,2022,BGEM_Tall_late,0.0,2.0,442.470810855363
257,B147,BGEM-0178-S,2042,42,1,2,1,LN,2022,BGEM_Tall_late,0.0,2.0,323.011375801078
258,B148,BGEM-0179-S,1042,42,1,1,1,HN,2022,BGEM_Short_early,0.0,1.0,437.314086570079
259,B148,BGEM-0179-S,2017,17,1,2,1,LN,2022,BGEM_Short_early,0.0,1.0,336.351741188964
260,B149,BGEM-0182-N,1225,25,5,1,1,HN,2022,BGEM_Tall_early,0.0,1.0,361.156606405268
261,B149,BGEM-0182-N,2250,50,5,2,1,LN,2022,BGEM_Tall_early,0.0,1.0,322.072810011702
262,B150,BGEM-0184-N,1084,34,2,1,1,HN,2022,BGEM_Short_early,0.0,1.0,403.029428913905
263,B150,BGEM-0184-N,2059,9,2,2,1,LN,2022,BGEM_Short_early,0.0,1.0,334.938368353378
264,B151,BGEM-0186-S,1348,48,7,1,1,HN,2022,BGEM_Short_late,0.0,1.0,382.502540728237
265,B151,BGEM-0186-S,2323,23,7,2,1,LN,2022,BGEM_Short_late,0.0,1.0,319.807152829917
266,B152,BGEM-0187-S,1246,46,5,1,1,HN,2022,BGEM_Short_late,0.0,2.0,435.630591945494
267,B152,BGEM-0187-S,2221,21,5,2,1,LN,2022,BGEM_Short_late,0.0,1.0,324.938933101268
268,B153,BGEM-0188-S,1066,16,2,1,1,HN,2022,BGEM_Tall_late,0.0,2.0,423.99188059455
269,B153,BGEM-0188-S,2091,41,2,2,1,LN,2022,BGEM_Tall_late,0.0,2.0,332.214689060056
270,B154,BGEM-0190-N,1282,32,6,1,1,HN,2022,BGEM_Short_late,0.0,2.0,470.402879778709
271,B154,BGEM-0190-N,2257,7,6,2,1,LN,2022,BGEM_Short_late,0.0,1.0,322.25727895735804
272,B155,BGEM-0191-N,1278,28,6,1,1,HN,2022,BGEM_Short_late,0.0,2.0,343.656641782015
273,B155,BGEM-0191-N,2253,3,6,2,1,LN,2022,BGEM_Short_late,0.0,1.0,297.235950991795
274,B160,BGEM-0197-S,1100,50,2,1,1,HN,2022,BGEM_Short_early,0.0,1.0,470.691707354437
275,B160,BGEM-0197-S,2075,25,2,2,1,LN,2022,BGEM_Short_early,0.0,1.0,343.399347090086
276,B161,BGEM-0198-S,1167,17,4,1,1,HN,2022,BGEM_Tall_early,0.0,1.0,431.042776117838
277,B161,BGEM-0198-S,2192,42,4,2,1,LN,2022,BGEM_Tall_early,0.0,1.0,331.857124310514
278,B162,BGEM-0199-S,1210,10,5,1,1,HN,2022,BGEM_Tall_early,0.0,2.0,398.812021192182
279,B162,BGEM-0199-S,2235,35,5,2,1,LN,2022,BGEM_Tall_early,0.0,1.0,323.663193810633
280,B163,BGEM-0200-S,1291,41,6,1,1,HN,2022,BGEM_Short_late,0.0,1.0,411.395364019238
281,B163,BGEM-0200-S,2266,16,6,2,1,LN,2022,BGEM_Short_late,0.0,1.0,315.252939232556
282,B165,BGEM-0202-N,1177,27,4,1,1,HN,2022,BGEM_Short_early,0.0,1.0,400.367446180827
283,B165,BGEM-0202-N,2152,2,4,2,1,LN,2022,BGEM_Short_early,0.0,1.0,307.212183513566
284,B169,BGEM-0206-N,1173,23,4,1,1,HN,2022,BGEM_Tall_early,0.0,1.0,417.123460065933
285,B169,BGEM-0206-N,2198,48,4,2,1,LN,2022,BGEM_Tall_early,0.0,1.0,331.247438304321
286,B170,BGEM-0207-N,1178,28,4,1,1,HN,2022,BGEM_Short_early,0.0,2.0,459.146755724622
287,B170,BGEM-0207-N,2153,3,4,2,1,LN,2022,BGEM_Short_early,0.0,1.0,339.081957452621
288,B171,BGEM-0208-N,1157,7,4,1,1,HN,2022,BGEM_Tall_late,0.0,1.0,445.167923988539
289,B171,BGEM-0208-N,2182,32,4,2,1,LN,2022,BGEM_Tall_late,0.0,1.0,315.589355286994
290,B173,BGEM-0210-N,1014,14,1,1,1,HN,2022,BGEM_Tall_late,0.0,2.0,450.34515982522004
291,B173,BGEM-0210-N,2039,39,1,2,1,LN,2022,BGEM_Tall_late,0.0,2.0,341.80000510246896
292,B175,BGEM-0212-N,1312,12,7,1,1,HN,2022,BGEM_Tall_early,0.0,1.0,376.109223880011
293,B175,BGEM-0212-N,2337,37,7,2,1,LN,2022,BGEM_Tall_early,0.0,2.0,305.90348832225396
294,B176,BGEM-0213-S,1060,10,2,1,1,HN,2022,BGEM_Tall_late,0.0,2.0,360.895585565122
295,B176,BGEM-0213-S,2085,35,2,2,1,LN,2022,BGEM_Tall_late,0.0,1.0,292.938840699519
296,B177,BGEM-0214-S,1043,43,1,1,1,HN,2022,BGEM_Short_early,0.0,1.0,437.502023831973
297,B177,BGEM-0214-S,2018,18,1,2,1,LN,2022,BGEM_Short_early,0.0,2.0,318.521887499004
298,B180,BGEM-0217-S,1223,23,5,1,1,HN,2022,BGEM_Tall_early,0.0,2.0,367.344760037068
299,B180,BGEM-0217-S,2248,48,5,2,1,LN,2022,BGEM_Tall_early,0.0,1.0,331.753224192502
300,B181,BGEM-0218-S,1327,27,7,1,1,HN,2022,BGEM_Short_late,0.0,1.0,430.029577707371
301,B181,BGEM-0218-S,2302,2,7,2,1,LN,2022,BGEM_Short_late,0.0,1.0,345.223335163107
302,B182,BGEM-0219-S,1136,36,3,1,1,HN,2022,BGEM_Short_early,0.0,2.0,466.701941965539
303,B182,BGEM-0219-S,2111,11,3,2,1,LN,2022,BGEM_Short_early,0.0,2.0,326.635143895273
304,B183,BGEM-0220-S,1197,47,4,1,1,HN,2022,BGEM_Short_late,0.0,2.0,413.40542576154996
305,B183,BGEM-0220-S,2172,22,4,2,1,LN,2022,BGEM_Short_late,0.0,2.0,349.804853453787
306,B185,BGEM-0222-S,1047,47,1,1,1,HN,2022,BGEM_Short_early,0.0,2.0,382.97520158581597
307,B185,BGEM-0222-S,2022,22,1,2,1,LN,2022,BGEM_Short_early,0.0,2.0,313.701681085078
308,B186,BGEM-0223-N,1117,17,3,1,1,HN,2022,BGEM_Tall_late,0.0,1.0,370.711064214652
309,B186,BGEM-0223-N,2142,42,3,2,1,LN,2022,BGEM_Tall_late,0.0,1.0,323.129286574161
310,B187,BGEM-0224-N,1295,45,6,1,1,HN,2022,BGEM_Short_late,0.0,1.0,360.916591739316
311,B187,BGEM-0224-N,2270,20,6,2,1,LN,2022,BGEM_Short_late,0.0,2.0,323.215403969247
312,B188,BGEM-0225-N,1249,49,5,1,1,HN,2022,BGEM_Short_late,0.0,2.0,413.68716266275004
313,B188,BGEM-0225-N,2224,24,5,2,1,LN,2022,BGEM_Short_late,0.0,1.0,307.223901729503
314,B189,BGEM-0226-S,1250,50,5,1,1,HN,2022,BGEM_Short_late,0.0,2.0,428.617194199907
315,B189,BGEM-0226-S,2225,25,5,2,1,LN,2022,BGEM_Short_late,0.0,1.0,330.48457285454
316,B190,BGEM-0227-N,1146,46,3,1,1,HN,2022,BGEM_Short_early,0.0,2.0,394.97168193156
317,B190,BGEM-0227-N,2121,21,3,2,1,LN,2022,BGEM_Short_early,0.0,2.0,297.379033295251
318,B191,BGEM-0228-N,1196,46,4,1,1,HN,2022,BGEM_Short_late,0.0,2.0,376.516872596239
319,B191,BGEM-0228-N,2171,21,4,2,1,LN,2022,BGEM_Short_late,0.0,2.0,324.720792391479
320,B194,BGEM-0231-N,1013,13,1,1,1,HN,2022,BGEM_Tall_late,0.0,2.0,354.752096945324
321,B194,BGEM-0231-N,2038,38,1,2,1,LN,2022,BGEM_Tall_late,0.0,1.0,306.576623040281
322,B195,BGEM-0233-S,1115,15,3,1,1,HN,2022,BGEM_Tall_late,0.0,1.0,389.21070798976797
323,B195,BGEM-0233-S,2140,40,3,2,1,LN,2022,BGEM_Tall_late,0.0,2.0,333.403065015935
324,B197,BGEM-0236-S,1165,15,4,1,1,HN,2022,BGEM_Tall_early,0.0,1.0,397.761921393811
325,B197,BGEM-0236-S,2190,40,4,2,1,LN,2022,BGEM_Tall_early,0.0,1.0,328.440325038608
326,B198,BGEM-0237-N,1009,9,1,1,1,HN,2022,BGEM_Tall_late,0.0,1.0,393.807649923017
327,B198,BGEM-0237-N,2034,34,1,2,1,LN,2022,BGEM_Tall_late,0.0,2.0,321.640834203612
328,B201,BGEM-0242-N,1188,38,4,1,1,HN,2022,BGEM_Short_late,0.0,2.0,475.36169109311095
329,B201,BGEM-0242-N,2163,13,4,2,1,LN,2022,BGEM_Short_late,0.0,1.0,348.001653185475
330,B202,BGEM-0243-S,1215,15,5,1,1,HN,2022,BGEM_Tall_early,0.0,2.0,431.738258066114
331,B202,BGEM-0243-S,2240,40,5,2,1,LN,2022,BGEM_Tall_early,0.0,2.0,361.994106873202
332,B204,BGEM-0246-N,1200,50,4,1,1,HN,2022,BGEM_Short_late,0.0,2.0,348.622756907459
333,B204,BGEM-0246-N,2175,25,4,2,1,LN,2022,BGEM_Short_late,0.0,2.0,317.734473393014
334,B205,BGEM-0247-N,1329,29,7,1,1,HN,2022,BGEM_Short_late,0.0,1.0,354.83043058726304
335,B205,BGEM-0247-N,2304,4,7,2,1,LN,2022,BGEM_Short_late,0.0,2.0,311.11146878439604
336,B206,BGEM-0248-N,1319,19,7,1,1,HN,2022,BGEM_Tall_early,0.0,1.0,436.29523268285897
337,B206,BGEM-0248-N,2344,44,7,2,1,LN,2022,BGEM_Tall_early,0.0,2.0,346.28993266644994
338,B207,BGEM-0250-S,1058,8,2,1,1,HN,2022,BGEM_Tall_late,0.0,2.0,388.619676281082
339,B207,BGEM-0250-S,2083,33,2,2,1,LN,2022,BGEM_Tall_late,0.0,1.0,326.754584092526
340,B209,BGEM-0252-S,1070,20,2,1,1,HN,2022,BGEM_Tall_late,0.0,1.0,435.525400646788
341,B209,BGEM-0252-S,2095,45,2,2,1,LN,2022,BGEM_Tall_late,0.0,1.0,313.20818619049703
342,B210,BGEM-0253-N,1138,38,3,1,1,HN,2022,BGEM_Short_early,0.0,2.0,397.910535177079
343,B210,BGEM-0253-N,2113,13,3,2,1,LN,2022,BGEM_Short_early,0.0,2.0,321.769346090326
344,B211,BGEM-0254-S,1316,16,7,1,1,HN,2022,BGEM_Tall_early,0.0,1.0,395.991768219754
345,B211,BGEM-0254-S,2341,41,7,2,1,LN,2022,BGEM_Tall_early,0.0,2.0,332.740970513834
346,B212,BGEM-0255-S,1079,29,2,1,1,HN,2022,BGEM_Short_early,0.0,2.0,365.479245583323
347,B212,BGEM-0255-S,2054,4,2,2,1,LN,2022,BGEM_Short_early,0.0,2.0,309.707536079262
348,B214,BGEM-0257-S,1121,21,3,1,1,HN,2022,BGEM_Tall_late,0.0,1.0,390.412367350555
349,B214,BGEM-0257-S,2146,46,3,2,1,LN,2022,BGEM_Tall_late,0.0,1.0,310.269334851445
350,B215,BGEM-0258-S,1268,18,6,1,1,HN,2022,BGEM_Tall_early,0.0,2.0,449.30709257601603
351,B215,BGEM-0258-S,2293,43,6,2,1,LN,2022,BGEM_Tall_early,0.0,1.0,308.384088457903
352,B225,BGEM-0270-S,1296,46,6,1,1,HN,2022,BGEM_Short_late,0.0,1.0,434.481444712516
353,B225,BGEM-0270-S,2271,21,6,2,1,LN,2022,BGEM_Short_late,0.0,2.0,314.98071798217603
354,B226,BGEM-0272-S,1257,7,6,1,1,HN,2022,BGEM_Tall_early,0.0,1.0,453.551618630972
355,B226,BGEM-0272-S,2282,32,6,2,1,LN,2022,BGEM_Tall_early,,,337.181971058356
356,B231,BGEM-0280-S,1175,25,4,1,1,HN,2022,BGEM_Tall_early,0.0,2.0,385.00952765496004
357,B231,BGEM-0280-S,2200,50,4,2,1,LN,2022,BGEM_Tall_early,0.0,1.0,334.98289649582
358,B236,BGEM-0285-N,1344,44,7,1,1,HN,2022,BGEM_Short_late,0.0,1.0,392.389236558797
359,B236,BGEM-0285-N,2319,19,7,2,1,LN,2022,BGEM_Short_late,0.0,1.0,307.095305586672
360,B238,BGEM-0287-N,1330,30,7,1,1,HN,2022,BGEM_Short_late,0.0,1.0,385.578655314158
361,B238,BGEM-0287-N,2305,5,7,2,1,LN,2022,BGEM_Short_late,0.0,2.0,324.945912441347
362,B239,BGEM-0288-S,1242,42,5,1,1,HN,2022,BGEM_Short_late,0.0,2.0,418.617128729853
363,B239,BGEM-0288-S,2217,17,5,2,1,LN,2022,BGEM_Short_late,0.0,1.0,310.205409700923
364,B243,BGEM-0292-S,1003,3,1,1,1,HN,2022,BGEM_Tall_late,0.0,2.0,369.92828263351504
365,B243,BGEM-0292-S,2028,28,1,2,1,LN,2022,BGEM_Tall_late,0.0,2.0,329.43996426242
366,B246,BGEM-0295-S,1201,1,5,1,1,HN,2022,BGEM_Tall_early,0.0,2.0,389.132404547509
367,B246,BGEM-0295-S,2226,26,5,2,1,LN,2022,BGEM_Tall_early,0.0,1.0,348.32015431174597
368,B247,BGEM-0296-S,1287,37,6,1,1,HN,2022,BGEM_Short_late,0.0,1.0,481.51662939836
369,B247,BGEM-0296-S,2262,12,6,2,1,LN,2022,BGEM_Short_late,0.0,1.0,342.67626692764196
370,B248,BGEM-0297-N,1335,35,7,1,1,HN,2022,BGEM_Short_late,0.0,1.0,440.855105650765
371,B248,BGEM-0297-N,2310,10,7,2,1,LN,2022,BGEM_Short_late,0.0,2.0,325.364796011497
372,B251,BGEM-0300-S,1205,5,5,1,1,HN,2022,BGEM_Tall_early,0.0,2.0,341.162817922792
373,B251,BGEM-0300-S,2230,30,5,2,1,LN,2022,BGEM_Tall_early,0.0,1.0,313.39191412912896
374,B252,BGEM-0301-S,1304,4,7,1,1,HN,2022,BGEM_Tall_early,0.0,1.0,346.09417228614194
375,B252,BGEM-0301-S,2329,29,7,2,1,LN,2022,BGEM_Tall_early,0.0,1.0,290.254605843341
376,B254,BGEM-0302-S,1208,8,5,1,1,HN,2022,BGEM_Tall_early,0.0,2.0,415.824726905552
377,B254,BGEM-0302-S,2233,33,5,2,1,LN,2022,BGEM_Tall_early,0.0,1.0,322.567878309333
378,B257,BGEM-0305-S,1238,38,5,1,1,HN,2022,BGEM_Short_late,0.0,2.0,361.88520532010904
379,B257,BGEM-0305-S,2213,13,5,2,1,LN,2022,BGEM_Short_late,0.0,1.0,317.15948539062197
380,B259,BGEM-0307-S,1069,19,2,1,1,HN,2022,BGEM_Tall_late,0.0,1.0,448.337103210039
381,B259,BGEM-0307-S,2094,44,2,2,1,LN,2022,BGEM_Tall_late,0.0,1.0,317.839613106481
382,B261,BGEM-0309-S,1105,5,3,1,1,HN,2022,BGEM_Tall_late,0.0,2.0,395.684652400584
383,B261,BGEM-0309-S,2130,30,3,2,1,LN,2022,BGEM_Tall_late,0.0,2.0,321.52272547384104
384,B262,BGEM-0310-S,1144,44,3,1,1,HN,2022,BGEM_Short_early,0.0,2.0,467.735055258768
385,B262,BGEM-0310-S,2119,19,3,2,1,LN,2022,BGEM_Short_early,0.0,2.0,332.605075571494
386,B265,BGEM-0313-S,1251,1,6,1,1,HN,2022,BGEM_Tall_early,0.0,2.0,389.007371430964
387,B265,BGEM-0313-S,2276,26,6,2,1,LN,2022,BGEM_Tall_early,0.0,2.0,346.321208990319
388,B267,BGEM-0315-S,1270,20,6,1,1,HN,2022,BGEM_Tall_early,0.0,1.0,467.413688168855
389,B267,BGEM-0315-S,2295,45,6,2,1,LN,2022,BGEM_Tall_early,0.0,2.0,339.012525862788
390,B268,BGEM-0316-S,1346,46,7,1,1,HN,2022,BGEM_Short_late,0.0,1.0,352.900341769668
391,B268,BGEM-0316-S,2321,21,7,2,1,LN,2022,BGEM_Short_late,0.0,1.0,319.521523038244
392,B273,BGEM-0321-S,1027,27,1,1,1,HN,2022,BGEM_Short_early,0.0,2.0,479.789890125843
393,B273,BGEM-0321-S,2002,2,1,2,1,LN,2022,BGEM_Short_early,0.0,1.0,315.36550896142603
394,B274,BGEM-0322-S,1338,38,7,1,1,HN,2022,BGEM_Short_late,0.0,1.0,407.200035899993
395,B274,BGEM-0322-S,2313,13,7,2,1,LN,2022,BGEM_Short_late,0.0,2.0,320.12661969953604
396,B276,BGEM-0324-N,1112,12,3,1,1,HN,2022,BGEM_Tall_late,0.0,1.0,365.32924247026494
397,B276,BGEM-0324-N,2137,37,3,2,1,LN,2022,BGEM_Tall_late,0.0,2.0,321.15506800076
398,B277,BGEM-0325-N,1022,22,1,1,1,HN,2022,BGEM_Tall_late,0.0,2.0,434.032739060998
399,B277,BGEM-0325-N,2047,47,1,2,1,LN,2022,BGEM_Tall_late,1.0,1.5,319.139372411916
400,B280,BGEM-0328-S,1074,24,2,1,1,HN,2022,BGEM_Tall_late,0.0,1.0,393.750550472884
401,B280,BGEM-0328-S,2099,49,2,2,1,LN,2022,BGEM_Tall_late,0.0,1.0,322.67149340662104
402,B283,BGEM-0101-S,1292,42,6,1,1,HN,2022,BGEM_Short_late,0.0,1.0,435.05321013877403
403,B283,BGEM-0101-S,2267,17,6,2,1,LN,2022,BGEM_Short_late,0.0,1.0,330.566252788023
404,B287,BGEM-0171-S,1166,16,4,1,1,HN,2022,BGEM_Tall_early,0.0,1.0,503.838680016446
405,B287,BGEM-0171-S,2191,41,4,2,1,LN,2022,BGEM_Tall_early,0.0,1.0,327.88295587493303
406,B292,BGEM-0106-N,1018,18,1,1,1,HN,2022,BGEM_Tall_late,0.0,2.0,379.18561321173104
407,B292,BGEM-0106-N,2043,43,1,2,1,LN,2022,BGEM_Tall_late,0.0,2.0,313.363489217601
408,B297,BGEM-0238-N,1120,20,3,1,1,HN,2022,BGEM_Tall_late,0.0,1.0,376.715996268807
409,B297,BGEM-0238-N,2145,45,3,2,1,LN,2022,BGEM_Tall_late,0.0,1.0,311.403794916727
410,B298,BGEM-0053-S,1258,8,6,1,1,HN,2022,BGEM_Tall_early,0.0,1.0,449.750788328846
411,B298,BGEM-0053-S,2283,33,6,2,1,LN,2022,BGEM_Tall_early,0.0,2.0,323.49343184497
412,B299,BGEM-0245-S,1002,2,1,1,1,HN,2022,BGEM_Tall_late,0.0,2.0,409.594541580132
413,B299,BGEM-0245-S,2027,27,1,2,1,LN,2022,BGEM_Tall_late,0.0,2.0,342.475045643926
414,B300,BGEM-0084-S,1290,40,6,1,1,HN,2022,BGEM_Short_late,0.0,1.0,453.90440981542196
415,B300,BGEM-0084-S,2265,15,6,2,1,LN,2022,BGEM_Short_late,0.0,1.0,340.33133821831103
416,B302,BGEM-0058-N,1169,19,4,1,1,HN,2022,BGEM_Tall_early,0.0,1.0,332.143532903398
417,B302,BGEM-0058-N,2194,44,4,2,1,LN,2022,BGEM_Tall_early,0.0,1.0,301.958731457964
418,B303,BGEM-0109-N,1044,44,1,1,1,HN,2022,BGEM_Short_early,0.0,2.0,392.65217082654505
419,B303,BGEM-0109-N,2019,19,1,2,1,LN,2022,BGEM_Short_early,0.0,2.0,331.701393063941
420,B304,BGEM-0029-S,1281,31,6,1,1,HN,2022,BGEM_Short_late,0.0,2.0,359.36281968913596
421,B304,BGEM-0029-S,2256,6,6,2,1,LN,2022,BGEM_Short_late,0.0,1.0,330.531363225788
422,B305,BGEM-0105-N,1317,17,7,1,1,HN,2022,BGEM_Tall_early,0.0,2.0,448.73362285412804
423,B305,BGEM-0105-N,2342,42,7,2,1,LN,2022,BGEM_Tall_early,0.0,2.0,316.175380875055
424,B306,BGEM-0168-S,1124,24,3,1,1,HN,2022,BGEM_Tall_late,0.0,1.0,391.348501606125
425,B306,BGEM-0168-S,2149,49,3,2,1,LN,2022,BGEM_Tall_late,0.0,1.0,326.930769883033
426,B307,BGEM-0183-N,1059,9,2,1,1,HN,2022,BGEM_Tall_late,0.0,2.0,326.86044441955397
427,B307,BGEM-0183-N,2084,34,2,2,1,LN,2022,BGEM_Tall_late,0.0,1.0,297.15711793127105
428,B308,BGEM-0163-S,1328,28,7,1,1,HN,2022,BGEM_Short_late,0.0,1.0,427.492196249301
429,B308,BGEM-0163-S,2303,3,7,2,1,LN,2022,BGEM_Short_late,0.0,1.0,323.394460078881
430,B309,BGEM-0076-S,1303,3,7,1,1,HN,2022,BGEM_Tall_early,0.0,1.0,410.650504058878
431,B309,BGEM-0076-S,2328,28,7,2,1,LN,2022,BGEM_Tall_early,0.0,1.0,330.058475744209
432,B310,BGEM-0180-S,1127,27,3,1,1,HN,2022,BGEM_Short_early,0.0,2.0,366.394927769195
433,B310,BGEM-0180-S,2102,2,3,2,1,LN,2022,BGEM_Short_early,0.0,1.0,310.50508774917006
434,B311,BGEM-0181-N,1193,43,4,1,1,HN,2022,BGEM_Short_late,0.0,2.0,389.113593742672
435,B311,BGEM-0181-N,2168,18,4,2,1,LN,2022,BGEM_Short_late,0.0,2.0,315.458311908145
436,B312,BGEM-0121-N,1152,2,4,1,1,HN,2022,BGEM_Tall_late,0.0,1.0,328.799187385872
437,B312,BGEM-0121-N,2177,27,4,2,1,LN,2022,BGEM_Tall_late,0.0,2.0,300.97823859703203
438,B313,BGEM-0251-S,1311,11,7,1,1,HN,2022,BGEM_Tall_early,0.0,1.0,354.752934320023
439,B313,BGEM-0251-S,2336,36,7,2,1,LN,2022,BGEM_Tall_early,0.0,2.0,329.824416586484
440,B314,BGEM-0189-S,1265,15,6,1,1,HN,2022,BGEM_Tall_early,0.0,1.0,328.267548162231
441,B314,BGEM-0189-S,2290,40,6,2,1,LN,2022,BGEM_Tall_early,0.0,2.0,298.97305290822004
442,B315,BGEM-0249-N,1189,39,4,1,1,HN,2022,BGEM_Short_late,0.0,2.0,370.973291784263
443,B315,BGEM-0249-N,2164,14,4,2,1,LN,2022,BGEM_Short_late,0.0,2.0,319.496827533887
